Team,GP,CMP,ATT,CMP%,YDS,AVG,YDS/G,LNG,TD,INT,SACK,SYL,RTG
Atlanta Falcons,8,247,343,72.0,"2,536",7.9,317.0,54,17,9,21,159,100.4
Kansas City Chiefs,8,191,297,64.3,"2,476",8.6,309.5,83,18,1,11,88,110.4
Dallas Cowboys,7,168,238,70.6,"2,043",8.9,291.9,62,12,7,10,80,102.6
Los Angeles Rams,8,193,315,61.3,"2,298",7.6,287.3,66,11,7,12,92,87.1
Detroit Lions,7,161,250,64.4,"1,979",8.4,282.7,66,16,4,16,114,105.3
Los Angeles Chargers,8,203,306,66.3,"2,249",7.6,281.1,55,12,7,14,73,92.5
New England Patriots,8,203,314,64.7,"2,197",7.3,274.6,59,13,5,14,100,93.6
Green Bay Packers,8,185,283,65.4,"2,175",8.2,271.9,74,16,2,17,149,106.7
Tampa Bay Buccaneers,7,153,263,58.2,"1,900",7.9,271.4,67,14,12,28,172,82.1
Houston Texans,8,190,275,69.1,"2,091",8.1,261.4,54,16,6,24,140,103.8
New Orleans Saints,8,203,288,70.5,"2,088",7.6,261.0,45,14,5,12,94,101.4
Cincinnati Bengals,8,204,338,60.4,"2,062",6.7,257.8,66,9,8,29,190,79.2
Seattle Seahawks,8,171,250,68.4,"2,023",8.5,252.9,54,17,1,19,104,115.5
Jacksonville Jaguars,8,166,268,61.9,"1,946",7.7,243.3,70,14,2,18,105,99.9
Oakland Raiders,7,160,222,72.1,"1,683",7.8,240.4,65,12,4,8,48,105.1
Minnesota Vikings,8,155,215,72.1,"1,891",9.3,236.4,66,13,3,15,106,115.2
New York Giants,8,191,305,62.6,"1,851",6.6,231.4,75,12,9,23,171,82.7
Baltimore Ravens,7,142,221,64.3,"1,615",7.7,230.7,83,12,5,17,90,96.4
Arizona Cardinals,8,186,293,63.5,"1,811",6.8,226.4,58,7,4,27,177,85.5
Cleveland Browns,7,133,232,57.3,"1,539",7.4,219.9,89,6,12,21,171,67.6
Philadelphia Eagles,8,167,270,61.9,"1,750",6.8,218.8,53,14,5,16,95,91.7
Indianapolis Colts,7,149,232,64.2,"1,522",6.9,217.4,48,14,3,11,68,98.9
Buffalo Bills,7,143,239,59.8,"1,507",6.8,215.3,51,9,8,20,113,78.8
San Francisco 49ers,7,133,190,70.0,"1,443",7.9,206.1,45,9,7,11,62,93.9
Carolina Panthers,7,149,249,59.8,"1,441",6.6,205.9,52,7,4,23,190,81.9
Pittsburgh Steelers,7,144,226,63.7,"1,436",6.6,205.1,76,10,6,7,47,86.2
Denver Broncos,8,171,262,65.3,"1,621",7.0,202.6,70,6,5,27,201,85.1
Tennessee Titans,8,152,238,63.9,"1,606",7.7,200.8,75,12,4,34,233,97.3
Chicago Bears,7,170,255,66.7,"1,388",6.0,198.3,37,8,5,19,130,84.7
Miami Dolphins,7,141,248,56.9,"1,322",5.9,188.9,49,6,12,28,152,62.1
Washington Redskins,8,156,237,65.8,"1,411",6.8,176.4,69,9,9,22,194,82.0
New York Jets,7,133,214,62.2,"1,020",5.8,145.7,92,5,11,34,216,64.3
