Team,GP,CMP,ATT,CMP%,YDS,AVG,YDS/G,LNG,TD,INT,SACK,SYL,RTG
San Francisco 49ers,7,110,202,54.5,901,5.5,128.7,76,5,10,27,211,58.0
New England Patriots,8,143,273,52.4,"1,190",5.1,148.8,64,2,19,31,213,40.6
Buffalo Bills,7,145,242,59.9,"1,361",6.0,194.4,57,5,6,16,101,73.7
Denver Broncos,8,161,252,63.9,"1,558",6.5,194.8,57,6,5,17,82,82.1
Carolina Panthers,7,164,261,62.8,"1,506",6.4,215.1,41,9,10,30,170,76.7
Los Angeles Chargers,8,161,220,73.2,"1,739",8.4,217.4,70,12,7,18,117,103.1
Cleveland Browns,7,148,225,65.8,"1,555",7.6,222.1,75,14,4,22,144,101.7
Minnesota Vikings,8,198,292,67.8,"1,796",6.8,224.5,47,14,8,23,178,91.3
Dallas Cowboys,7,163,248,65.7,"1,596",7.0,228.0,92,6,3,17,137,89.0
Chicago Bears,7,177,258,68.6,"1,614",6.9,230.6,47,7,5,19,157,88.8
Kansas City Chiefs,8,185,286,64.7,"1,856",7.2,232.0,69,11,6,25,199,90.0
New Orleans Saints,8,175,285,61.4,"1,858",7.1,232.3,66,10,3,24,160,90.1
Pittsburgh Steelers,7,164,247,66.4,"1,635",7.3,233.6,58,12,10,24,157,87.0
Jacksonville Jaguars,8,170,281,60.5,"1,874",7.3,234.3,68,11,7,29,185,85.7
Indianapolis Colts,7,159,232,68.5,"1,667",7.7,238.1,55,11,4,19,116,99.8
Tennessee Titans,8,183,290,63.1,"1,913",7.1,239.1,46,12,8,22,145,86.5
Washington Redskins,8,192,264,72.7,"1,925",7.7,240.6,53,14,8,19,114,99.9
Los Angeles Rams,8,186,291,63.9,"1,931",7.2,241.4,67,11,6,23,155,89.2
Green Bay Packers,8,169,276,61.2,"2,014",7.8,251.8,66,11,8,20,141,86.9
Miami Dolphins,7,136,204,66.7,"1,775",8.9,253.6,83,18,2,9,50,120.2
Philadelphia Eagles,8,183,288,63.5,"2,049",7.6,256.1,69,16,8,21,135,93.6
Cincinnati Bengals,8,155,241,64.3,"2,065",8.8,258.1,65,11,2,9,61,104.2
Atlanta Falcons,8,174,250,69.6,"2,089",8.5,261.1,58,19,2,7,40,117.6
New York Jets,7,171,265,64.5,"1,838",7.1,262.6,89,9,5,9,56,89.1
New York Giants,8,174,248,70.2,"2,115",9.1,264.4,62,13,7,22,153,104.4
Baltimore Ravens,7,149,251,59.4,"1,858",7.7,265.4,83,7,6,12,76,83.0
Seattle Seahawks,8,195,302,64.6,"2,186",7.5,273.3,55,9,7,13,84,87.5
Houston Texans,8,205,307,66.8,"2,214",7.6,276.8,65,18,3,17,133,105.1
Arizona Cardinals,8,205,288,71.2,"2,216",8.2,277.0,52,20,2,22,156,116.0
Oakland Raiders,7,164,242,67.8,"1,997",8.6,285.3,74,19,3,13,92,115.5
Tampa Bay Buccaneers,7,180,283,63.6,"2,001",7.5,285.9,75,14,5,16,116,95.4
Detroit Lions,7,169,282,59.9,"2,028",7.5,289.7,66,14,3,13,90,95.4
