Team,GP,CMP,ATT,CMP%,YDS,AVG,YDS/G,LNG,TD,INT,SACK,SYL,RTG
San Francisco 49ers,8,127,226,56.2,"1,105",6.0,138.1,88,7,10,30,248,65.7
New England Patriots,9,160,296,54.1,"1,352",5.3,150.2,64,3,19,32,214,45.8
Buffalo Bills,8,160,264,60.6,"1,477",6.1,184.6,57,5,6,20,129,74.8
Denver Broncos,9,188,294,63.9,"1,819",6.5,202.1,57,7,5,19,94,83.3
Los Angeles Chargers,9,184,255,72.2,"1,878",7.9,208.7,70,13,7,21,139,100.7
Cleveland Browns,8,160,245,65.3,"1,730",7.7,216.3,75,16,4,25,162,103.6
Dallas Cowboys,8,189,289,65.4,"1,767",6.7,220.9,92,7,4,22,176,86.9
Minnesota Vikings,9,223,327,68.2,"2,026",6.9,225.1,47,15,8,28,223,92.7
Carolina Panthers,8,191,300,63.7,"1,816",6.7,227.0,41,10,12,34,191,77.5
Pittsburgh Steelers,8,185,278,66.5,"1,824",7.3,228.0,58,15,11,29,195,89.3
Kansas City Chiefs,9,204,324,63.0,"2,068",7.0,229.8,69,14,6,26,207,90.5
Jacksonville Jaguars,9,192,309,62.1,"2,068",7.3,229.8,68,13,7,30,192,88.9
Washington Redskins,9,206,284,72.5,"2,071",7.7,230.1,53,15,8,21,128,100.7
Chicago Bears,8,203,297,68.4,"1,841",6.8,230.1,47,8,5,23,169,89.2
Indianapolis Colts,8,185,267,69.3,"1,850",7.4,231.3,55,12,5,20,124,97.8
New Orleans Saints,8,175,285,61.4,"1,858",7.1,232.3,66,10,3,24,160,90.1
Tennessee Titans,9,200,322,62.1,"2,127",7.1,236.3,46,14,9,25,163,86.3
Philadelphia Eagles,9,193,309,62.5,"2,151",7.5,239.0,69,16,8,24,158,91.7
Los Angeles Rams,8,186,291,63.9,"1,931",7.2,241.4,67,11,6,23,155,89.2
Miami Dolphins,8,163,243,67.1,"2,013",8.6,251.6,83,19,3,12,72,114.6
Green Bay Packers,9,190,304,62.5,"2,297",8.1,255.2,66,11,8,22,152,88.8
Cincinnati Bengals,8,155,241,64.3,"2,065",8.8,258.1,65,11,2,9,61,104.2
Atlanta Falcons,8,174,250,69.6,"2,089",8.5,261.1,58,19,2,7,40,117.6
New York Jets,8,195,301,64.8,"2,104",7.2,263.0,89,12,5,13,78,92.6
New York Giants,9,196,283,69.3,"2,372",8.9,263.6,62,16,8,22,153,104.0
Baltimore Ravens,8,179,297,60.3,"2,126",7.5,265.8,83,8,7,14,93,82.6
Houston Texans,9,232,354,65.5,"2,496",7.5,277.3,65,18,5,21,160,99.0
Seattle Seahawks,9,224,346,64.7,"2,503",7.5,278.1,55,11,7,15,102,89.6
Arizona Cardinals,9,233,325,71.7,"2,526",8.3,280.7,52,24,2,23,163,118.4
Detroit Lions,8,189,313,60.4,"2,307",7.7,288.4,66,16,3,14,100,97.5
Tampa Bay Buccaneers,8,209,326,64.1,"2,348",7.7,293.5,75,19,5,19,147,100.4
Oakland Raiders,8,190,283,67.1,"2,380",8.8,297.5,74,22,4,15,115,114.8
