Team,GP,CMP,ATT,CMP%,YDS,AVG,YDS/G,LNG,TD,INT,SACK,SYL,RTG
San Francisco 49ers,12,212,353,60.1,"1,611",5.6,134.3,88,12,11,45,348,73.6
New England Patriots,12,218,395,55.2,"1,962",5.7,163.5,64,8,20,40,270,57.3
Buffalo Bills,12,260,421,61.8,"2,350",6.2,195.8,57,9,8,37,254,78.5
Los Angeles Chargers,12,242,346,69.9,"2,392",7.4,199.3,70,17,9,25,159,96.6
Denver Broncos,12,252,383,65.8,"2,527",7.0,210.6,57,14,7,28,155,90.7
Cleveland Browns,12,240,390,61.5,"2,559",7.2,213.3,75,20,11,35,246,88.7
Pittsburgh Steelers,12,254,412,61.7,"2,562",6.9,213.5,58,19,15,43,281,82.4
Dallas Cowboys,12,264,409,64.5,"2,582",6.9,215.2,92,14,4,32,239,91.9
Chicago Bears,12,284,435,65.3,"2,666",6.6,222.2,75,13,8,28,216,86.4
Los Angeles Rams,12,268,433,61.9,"2,674",6.7,222.8,67,18,8,38,224,87.7
Jacksonville Jaguars,12,242,384,63.0,"2,686",7.6,223.8,68,16,8,38,249,91.7
Indianapolis Colts,12,275,399,68.9,"2,723",7.3,226.9,55,18,8,32,196,96.7
Baltimore Ravens,12,254,415,61.2,"2,742",7.1,228.5,83,10,11,27,190,79.5
Carolina Panthers,12,273,425,64.2,"2,750",7.1,229.2,48,14,13,46,262,83.4
Washington Redskins,12,272,394,69.0,"2,758",7.6,229.8,53,22,13,36,219,96.0
Kansas City Chiefs,12,265,425,62.4,"2,769",7.1,230.8,69,18,12,34,262,86.1
New Orleans Saints,12,283,457,61.9,"2,819",6.7,234.9,66,19,10,40,262,86.5
Philadelphia Eagles,12,261,422,61.8,"2,900",7.4,241.7,69,22,10,34,206,91.8
New York Jets,12,281,447,62.9,"2,906",6.9,242.2,89,19,7,27,188,91.0
Minnesota Vikings,12,290,445,65.2,"2,915",7.1,242.9,60,21,11,33,249,91.4
Cincinnati Bengals,12,239,367,65.1,"2,969",8.5,247.4,79,16,5,20,134,100.4
Green Bay Packers,12,252,404,62.4,"3,045",8.0,253.8,66,15,12,28,204,87.6
Miami Dolphins,12,254,395,64.3,"3,074",8.1,256.2,83,29,8,16,108,105.3
Oakland Raiders,12,255,403,63.3,"3,098",8.2,258.2,74,27,8,27,209,103.1
New York Giants,12,261,387,67.4,"3,103",8.5,258.6,62,22,10,26,173,101.7
Atlanta Falcons,12,274,405,67.7,"3,114",8.0,259.5,71,23,8,18,141,102.7
Tennessee Titans,12,293,461,63.6,"3,121",7.2,260.1,63,18,11,33,206,88.2
Houston Texans,12,292,453,64.5,"3,155",7.4,262.9,65,25,6,25,191,99.5
Seattle Seahawks,12,303,475,63.8,"3,232",7.1,269.3,58,15,11,23,153,85.8
Detroit Lions,12,276,450,61.3,"3,361",7.8,280.1,66,25,5,24,157,99.7
Tampa Bay Buccaneers,12,316,502,62.9,"3,382",7.2,281.8,75,27,9,33,257,95.2
Arizona Cardinals,12,330,463,71.3,"3,690",8.4,307.5,57,31,6,30,208,113.5
