Team,GP,CMP,ATT,CMP%,YDS,AVG,YDS/G,LNG,TD,INT,SACK,SYL,RTG
Dallas Cowboys,1,25,32,78.1,405,12.7,405.0,62,4,0,0,0,158.3
Cincinnati Bengals,1,35,51,68.6,395,8.2,395.0,55,2,0,5,23,106.5
Kansas City Chiefs,1,25,34,73.5,378,11.1,378.0,68,3,0,0,0,139.1
Baltimore Ravens,1,23,26,88.5,378,14.6,378.0,83,6,0,1,1,158.3
Washington Redskins,1,30,44,68.2,370,8.6,370.0,69,3,0,1,10,117.6
New England Patriots,1,25,37,67.6,366,10.1,366.0,58,3,0,1,7,127.4
New Orleans Saints,1,32,43,74.4,362,8.6,362.0,41,2,1,1,8,105.8
Detroit Lions,1,27,45,60.0,361,8.6,361.0,47,3,0,3,24,110.0
Jacksonville Jaguars,1,27,33,81.8,347,10.6,347.0,69,3,1,1,3,128.5
New York Giants,1,33,48,68.8,319,6.7,319.0,43,1,0,1,4,94.4
Philadelphia Eagles,1,28,39,71.8,313,8.0,313.0,53,3,0,1,0,121.0
Los Angeles Chargers,1,25,34,73.5,310,9.8,310.0,55,3,1,4,23,121.3
Pittsburgh Steelers,1,27,47,57.4,276,5.9,276.0,45,0,1,1,0,65.6
Arizona Cardinals,1,29,54,53.7,275,5.7,275.0,45,2,1,5,33,75.2
Atlanta Falcons,1,33,46,71.7,272,6.6,272.0,23,2,2,4,32,85.8
Oakland Raiders,1,22,26,84.6,259,10.0,259.0,43,1,0,0,0,121.0
Denver Broncos,1,21,31,67.7,249,8.6,249.0,53,1,0,3,19,105.3
Cleveland Browns,1,25,38,65.8,244,7.5,244.0,35,1,3,5,41,64.0
Buffalo Bills,1,24,37,64.9,242,6.9,242.0,38,1,2,1,12,71.2
Houston Texans,1,20,30,66.7,234,8.9,234.0,54,3,1,6,34,114.3
Tennessee Titans,1,14,24,58.3,216,10.3,216.0,75,3,0,4,32,133.3
Carolina Panthers,1,25,38,65.8,216,6.3,216.0,17,0,1,3,23,72.1
Chicago Bears,1,26,45,57.8,208,5.1,208.0,27,0,1,5,20,62.1
Los Angeles Rams,1,23,39,59.0,183,4.8,183.0,24,1,1,1,3,69.0
Miami Dolphins,1,15,32,46.9,179,5.9,179.0,49,1,2,3,11,50.3
Tampa Bay Buccaneers,1,20,36,55.6,174,5.4,174.0,28,1,3,3,20,45.4
Indianapolis Colts,1,21,27,77.8,173,7.0,173.0,25,2,0,2,17,120.7
Green Bay Packers,1,18,30,60.0,166,6.8,166.0,47,1,0,5,37,91.4
Seattle Seahawks,1,14,20,70.0,161,9.8,161.0,44,2,0,4,35,134.6
San Francisco 49ers,1,18,27,66.7,158,6.1,158.0,39,1,1,1,8,80.2
New York Jets,1,28,41,68.3,155,4.3,155.0,19,1,0,4,20,84.9
Minnesota Vikings,1,8,10,80.0,97,9.8,97.0,31,1,0,1,1,140.8
