Team,GP,YDS,YDS/G,YDS,YDS/G,YDS,YDS/G,PTS,PTS/G
Baltimore Ravens,1,643,643.0,378,378.0,265,265.0,59,59.0
New Orleans Saints,1,510,510.0,362,362.0,148,148.0,30,30.0
Dallas Cowboys,1,494,494.0,405,405.0,89,89.0,35,35.0
Kansas City Chiefs,1,491,491.0,378,378.0,113,113.0,40,40.0
Detroit Lions,1,477,477.0,361,361.0,116,116.0,27,27.0
New York Giants,1,470,470.0,319,319.0,151,151.0,17,17.0
New England Patriots,1,465,465.0,366,366.0,99,99.0,33,33.0
Philadelphia Eagles,1,436,436.0,313,313.0,123,123.0,32,32.0
Los Angeles Chargers,1,435,435.0,310,310.0,125,125.0,30,30.0
Cincinnati Bengals,1,429,429.0,395,395.0,34,34.0,20,20.0
Jacksonville Jaguars,1,428,428.0,347,347.0,81,81.0,26,26.0
Houston Texans,1,414,414.0,234,234.0,180,180.0,28,28.0
Washington Redskins,1,398,398.0,370,370.0,28,28.0,27,27.0
Arizona Cardinals,1,387,387.0,275,275.0,112,112.0,27,27.0
Indianapolis Colts,1,376,376.0,173,173.0,203,203.0,24,24.0
Buffalo Bills,1,370,370.0,242,242.0,128,128.0,17,17.0
Oakland Raiders,1,357,357.0,259,259.0,98,98.0,24,24.0
Los Angeles Rams,1,349,349.0,183,183.0,166,166.0,30,30.0
Cleveland Browns,1,346,346.0,244,244.0,102,102.0,13,13.0
Atlanta Falcons,1,345,345.0,272,272.0,73,73.0,12,12.0
Denver Broncos,1,344,344.0,249,249.0,95,95.0,16,16.0
Carolina Panthers,1,343,343.0,216,216.0,127,127.0,27,27.0
Tennessee Titans,1,339,339.0,216,216.0,123,123.0,43,43.0
Pittsburgh Steelers,1,308,308.0,276,276.0,32,32.0,3,3.0
Tampa Bay Buccaneers,1,295,295.0,174,174.0,121,121.0,17,17.0
Minnesota Vikings,1,269,269.0,97,97.0,172,172.0,28,28.0
San Francisco 49ers,1,256,256.0,158,158.0,98,98.0,31,31.0
Chicago Bears,1,254,254.0,208,208.0,46,46.0,3,3.0
Seattle Seahawks,1,233,233.0,161,161.0,72,72.0,21,21.0
New York Jets,1,223,223.0,155,155.0,68,68.0,16,16.0
Green Bay Packers,1,213,213.0,166,166.0,47,47.0,10,10.0
Miami Dolphins,1,200,200.0,179,179.0,21,21.0,10,10.0
