Team,GP,CMP,ATT,CMP%,YDS,AVG,YDS/G,LNG,TD,INT,SACK,SYL,RTG
New England Patriots,3,57,108,52.8,487,5.2,162.3,45,0,6,13,73,44.5
Carolina Panthers,3,69,107,64.5,499,5.3,166.3,41,4,3,12,68,78.7
Tennessee Titans,3,62,96,64.6,569,6.6,189.7,37,6,4,8,66,86.9
Los Angeles Rams,3,63,109,57.8,578,5.8,192.7,30,1,3,8,59,66.2
Green Bay Packers,3,60,106,56.6,592,6.3,197.3,61,1,4,12,79,63.0
Denver Broncos,3,55,82,67.1,614,7.5,204.7,43,2,0,0,0,97.3
San Francisco 49ers,3,60,105,57.1,625,6.5,208.3,76,5,5,9,54,72.7
Atlanta Falcons,3,64,95,67.4,634,7.0,211.3,43,4,2,5,29,92.6
Buffalo Bills,3,74,122,60.7,635,5.5,211.7,33,3,4,7,39,70.2
Cleveland Browns,3,61,93,65.6,640,7.7,213.3,75,5,2,10,78,97.9
Minnesota Vikings,3,82,114,71.9,677,6.6,225.7,39,6,3,10,78,96.2
Cincinnati Bengals,3,55,82,67.1,713,9.1,237.7,49,6,2,5,37,110.3
Indianapolis Colts,3,73,96,76.0,733,8.2,244.3,55,7,2,8,58,115.4
Chicago Bears,3,83,123,67.5,735,6.7,245.0,47,4,4,11,92,83.6
Dallas Cowboys,3,79,126,62.7,738,6.1,246.0,43,3,0,5,35,87.8
Seattle Seahawks,3,74,112,66.1,752,7.0,250.7,55,6,1,6,30,100.4
Los Angeles Chargers,3,68,91,74.7,755,8.6,251.7,53,7,2,4,31,116.8
Jacksonville Jaguars,3,64,103,62.1,764,8.2,254.7,68,3,0,13,77,97.6
Kansas City Chiefs,3,72,114,63.2,774,7.1,258.0,69,4,3,7,41,85.2
Washington Redskins,3,79,100,79.0,782,8.1,260.7,53,9,2,5,31,122.2
Tampa Bay Buccaneers,3,66,114,57.9,783,7.3,261.0,75,3,1,9,52,86.0
Detroit Lions,3,69,126,54.8,808,6.8,269.3,47,4,2,9,52,80.1
Houston Texans,3,86,122,70.5,833,7.4,277.7,41,5,1,10,68,101.8
Oakland Raiders,3,66,96,68.8,859,9.2,286.3,53,6,0,5,26,118.6
Arizona Cardinals,3,70,108,64.8,859,8.5,286.3,52,9,0,7,59,119.3
New York Jets,3,73,117,62.4,860,7.7,286.7,89,4,4,5,39,83.2
Baltimore Ravens,3,67,109,61.5,871,8.4,290.3,83,4,2,7,42,92.8
Miami Dolphins,3,62,86,72.1,874,10.3,291.3,83,10,1,4,15,139.1
Philadelphia Eagles,3,75,119,63.0,881,7.6,293.7,69,7,3,2,20,95.3
New Orleans Saints,3,71,108,65.7,905,8.9,301.7,66,6,1,9,52,108.5
Pittsburgh Steelers,3,77,104,74.0,908,9.1,302.7,58,7,2,6,42,116.3
New York Giants,3,67,99,67.7,997,10.5,332.3,62,8,1,7,41,124.9
