Team,GP,CMP,ATT,CMP%,YDS,AVG,YDS/G,LNG,TD,INT,SACK,SYL,RTG
Kansas City Chiefs,3,82,115,71.3,"1,177",10.4,392.3,83,10,0,3,18,133.8
New England Patriots,3,75,110,68.2,934,8.7,311.3,58,7,1,4,23,112.6
Cincinnati Bengals,3,81,129,62.8,925,7.6,308.3,66,5,3,11,53,89.2
Dallas Cowboys,3,70,94,74.5,907,9.8,302.3,62,9,2,2,13,128.0
Los Angeles Chargers,3,77,116,66.4,890,8.1,296.7,55,5,2,10,54,98.5
Atlanta Falcons,3,89,123,72.4,886,7.5,295.3,54,8,6,5,42,95.2
Baltimore Ravens,3,69,106,65.1,885,8.7,295.0,83,8,0,6,33,117.6
New York Giants,3,82,129,63.6,872,7.0,290.7,75,4,2,7,37,88.3
Washington Redskins,3,86,124,69.4,865,7.5,288.3,69,7,3,6,68,100.0
Seattle Seahawks,3,75,105,71.4,840,8.6,280.0,54,7,0,8,61,119.6
Detroit Lions,3,67,107,62.6,807,7.8,269.0,47,6,2,3,24,97.5
Philadelphia Eagles,3,75,123,61.0,796,6.7,265.3,53,6,2,7,31,90.4
Carolina Panthers,3,69,115,60.0,769,7.2,256.3,52,4,1,8,64,90.2
San Francisco 49ers,3,59,85,69.4,738,8.9,246.0,39,5,4,2,17,96.9
Arizona Cardinals,3,84,137,61.3,731,6.1,243.7,54,4,3,16,99,79.0
Jacksonville Jaguars,3,70,96,72.9,729,8.0,243.0,69,6,1,5,38,112.6
New Orleans Saints,3,71,105,67.6,726,7.1,242.0,41,4,2,3,24,93.0
Cleveland Browns,3,62,109,56.9,724,7.4,241.3,89,3,5,11,81,70.3
Buffalo Bills,3,66,103,64.1,720,7.3,240.0,51,3,3,5,30,83.4
Tampa Bay Buccaneers,3,59,98,60.2,718,8.0,239.3,55,5,4,10,64,85.5
Houston Texans,3,61,93,65.6,708,8.4,236.0,54,6,1,12,70,108.6
Los Angeles Rams,3,66,105,62.9,703,7.0,234.3,66,4,3,6,35,84.5
Denver Broncos,3,76,110,69.1,692,7.0,230.7,53,2,2,11,81,87.4
Oakland Raiders,3,72,98,73.5,651,7.1,217.0,43,4,3,7,48,93.9
Pittsburgh Steelers,3,61,108,56.5,616,5.9,205.3,76,4,3,4,21,74.5
Indianapolis Colts,3,66,92,71.7,594,7.0,198.0,35,7,1,6,52,112.0
Green Bay Packers,3,57,93,61.3,592,7.0,197.3,47,4,0,7,55,96.5
Tennessee Titans,3,56,92,60.9,584,7.7,194.7,75,4,0,17,122,99.3
Chicago Bears,3,67,103,65.0,536,5.6,178.7,36,3,2,8,43,81.3
Miami Dolphins,3,53,112,47.3,532,5.4,177.3,49,1,6,13,73,44.7
Minnesota Vikings,3,37,63,58.7,494,8.0,164.7,61,3,2,2,8,86.9
New York Jets,3,63,94,67.0,393,5.0,131.0,36,1,1,13,81,78.1
