Team,GP,CMP,ATT,CMP%,YDS,AVG,YDS/G,LNG,TD,INT,SACK,SYL,RTG
Carolina Panthers,4,90,141,63.8,627,5.2,156.8,41,4,4,18,100,74.4
New England Patriots,4,79,152,52.0,727,5.5,181.8,45,0,10,18,113,41.0
Green Bay Packers,4,76,133,57.1,752,6.2,188.0,61,4,4,12,79,73.2
Buffalo Bills,4,92,161,57.1,786,5.1,196.5,33,3,5,7,39,64.3
Denver Broncos,4,74,115,64.3,800,7.2,200.0,43,4,0,5,27,97.3
San Francisco 49ers,3,60,105,57.1,625,6.5,208.3,76,5,5,9,54,72.7
Atlanta Falcons,4,82,122,67.2,861,7.3,215.3,55,7,2,5,29,100.8
Cleveland Browns,4,85,127,66.9,861,7.6,215.3,75,8,4,14,103,97.4
Minnesota Vikings,4,106,147,72.1,874,6.5,218.5,39,7,3,11,85,96.7
Dallas Cowboys,4,102,156,65.4,887,6.2,221.8,43,3,1,10,79,86.1
Los Angeles Chargers,4,85,115,73.9,916,8.4,229.0,53,8,3,9,50,111.0
Chicago Bears,4,110,159,69.2,917,6.7,229.3,47,4,4,17,143,85.4
Indianapolis Colts,4,94,127,74.0,922,7.7,230.5,55,9,2,9,58,113.0
Tennessee Titans,4,97,149,65.1,933,6.9,233.3,37,6,4,13,99,87.4
Los Angeles Rams,4,91,150,60.7,954,6.8,238.5,67,5,4,10,68,81.0
Seattle Seahawks,4,96,144,66.7,958,7.1,239.5,55,6,2,10,65,95.3
Cincinnati Bengals,4,82,113,72.6,973,8.9,243.3,49,8,2,5,37,116.0
Washington Redskins,4,102,131,77.9,"1,007",7.9,251.8,53,10,4,5,31,112.4
Pittsburgh Steelers,4,98,141,69.5,"1,010",8.0,252.5,58,7,3,14,111,100.8
Kansas City Chiefs,4,93,148,62.8,"1,035",7.5,258.8,69,7,3,11,71,92.9
Houston Texans,4,110,156,70.5,"1,036",7.3,259.0,41,5,1,13,97,99.1
Jacksonville Jaguars,4,86,141,61.0,"1,067",8.1,266.8,68,6,1,13,77,97.9
Arizona Cardinals,4,92,136,67.6,"1,084",8.5,271.0,52,10,0,11,74,118.4
New Orleans Saints,4,93,141,66.0,"1,117",8.4,279.3,66,6,2,10,63,100.2
New York Giants,4,82,127,64.6,"1,118",9.3,279.5,62,8,5,10,64,99.3
Detroit Lions,4,93,168,55.4,"1,123",7.0,280.8,47,4,2,9,52,80.3
Oakland Raiders,4,90,142,63.4,"1,124",8.1,281.0,53,9,1,5,26,106.8
New York Jets,3,73,117,62.4,860,7.7,286.7,89,4,4,5,39,83.2
Miami Dolphins,4,87,117,74.4,"1,185",10.3,296.3,83,12,1,5,21,137.6
Baltimore Ravens,4,87,140,62.1,"1,208",9.0,302.0,83,5,3,8,47,94.2
Tampa Bay Buccaneers,4,111,182,61.0,"1,273",7.4,318.3,75,5,4,11,79,83.9
Philadelphia Eagles,4,109,172,63.4,"1,295",7.7,323.8,69,9,4,3,28,94.7
