Team,GP,CMP,ATT,CMP%,YDS,AVG,YDS/G,LNG,TD,INT,SACK,SYL,RTG
Dallas Cowboys,10,247,366,67.5,"3,127",8.8,312.7,62,21,9,12,94,103.9
Kansas City Chiefs,11,271,415,65.3,"3,319",8.4,301.7,83,23,2,19,148,107.8
Atlanta Falcons,10,289,410,70.5,"3,003",7.8,300.3,54,20,10,25,188,99.4
Tampa Bay Buccaneers,10,242,406,59.6,"2,856",7.6,285.6,67,19,18,36,222,80.5
Detroit Lions,10,229,363,63.1,"2,812",8.2,281.2,66,22,6,23,165,102.1
Los Angeles Chargers,11,269,417,64.5,"3,046",7.6,276.9,56,15,14,23,130,85.6
Los Angeles Rams,10,226,375,60.3,"2,689",7.5,268.9,66,11,11,16,117,81.0
New England Patriots,10,260,408,63.7,"2,689",6.9,268.9,59,15,6,17,124,90.0
New Orleans Saints,10,264,369,71.5,"2,565",7.4,256.5,45,17,5,19,149,102.1
Seattle Seahawks,10,224,327,68.5,"2,559",8.4,255.9,54,23,2,27,178,114.9
Green Bay Packers,10,225,347,64.8,"2,539",7.8,253.9,74,17,2,22,179,102.7
Jacksonville Jaguars,10,226,362,62.4,"2,507",7.3,250.7,70,16,5,24,149,93.7
Oakland Raiders,10,226,313,72.2,"2,435",8.1,243.5,65,16,5,15,95,106.3
Houston Texans,10,230,333,69.1,"2,395",7.8,239.5,54,18,7,32,206,101.4
San Francisco 49ers,10,219,318,68.9,"2,376",7.8,237.6,57,18,10,19,118,97.9
Minnesota Vikings,11,226,320,70.6,"2,598",8.6,236.2,66,21,3,22,158,114.8
Cincinnati Bengals,10,233,399,58.4,"2,285",6.4,228.5,66,10,10,36,249,75.1
New York Giants,10,243,386,63.0,"2,280",6.6,228.0,75,17,10,34,260,85.8
Arizona Cardinals,11,255,395,64.6,"2,488",6.9,226.2,88,14,5,36,241,91.2
Baltimore Ravens,10,197,293,67.2,"2,248",8.0,224.8,83,20,6,20,98,105.7
Cleveland Browns,10,203,344,59.0,"2,210",7.0,221.0,89,11,12,26,204,76.6
Carolina Panthers,10,225,374,60.2,"2,206",6.7,220.6,52,10,10,34,289,77.8
Buffalo Bills,10,200,333,60.1,"2,169",6.9,216.9,51,13,8,23,133,83.9
Philadelphia Eagles,10,213,349,61.0,"2,151",6.6,215.1,53,16,5,25,147,89.7
Denver Broncos,10,201,322,62.4,"2,066",7.1,206.6,75,9,6,32,227,85.3
Tennessee Titans,10,192,296,64.9,"2,062",7.9,206.2,75,15,6,42,289,97.7
Pittsburgh Steelers,10,215,343,62.7,"2,028",6.2,202.8,76,13,11,15,109,79.5
Indianapolis Colts,10,203,326,62.3,"2,027",6.7,202.7,48,19,8,20,142,90.9
Miami Dolphins,10,218,362,60.2,"2,027",6.2,202.7,50,9,13,42,227,71.5
Chicago Bears,10,221,346,63.9,"1,828",5.8,182.8,53,12,6,30,187,83.9
New York Jets,10,198,314,63.1,"1,761",6.4,176.1,92,11,13,41,258,75.8
Washington Redskins,10,190,294,64.6,"1,698",6.7,169.8,69,11,10,32,265,82.1
