Team,GP,CMP,ATT,CMP%,YDS,AVG,YDS/G,LNG,TD,INT,SACK,SYL,RTG
San Francisco 49ers,10,175,293,59.7,"1,425",5.9,142.5,88,10,11,39,310,72.3
New England Patriots,10,180,336,53.6,"1,526",5.3,152.6,64,4,19,37,254,49.2
Buffalo Bills,10,218,347,62.8,"1,978",6.2,197.8,57,7,6,29,189,80.0
Los Angeles Chargers,11,224,318,70.4,"2,258",7.6,205.3,70,15,8,25,159,97.7
Denver Broncos,10,217,329,66.0,"2,103",6.8,210.3,57,10,5,24,129,89.1
Cleveland Browns,10,205,330,62.1,"2,168",7.2,216.8,75,17,8,30,211,91.0
Dallas Cowboys,10,227,347,65.4,"2,169",6.8,216.9,92,11,4,26,203,90.8
Jacksonville Jaguars,10,207,333,62.2,"2,193",7.2,219.3,68,14,8,33,215,88.0
Pittsburgh Steelers,10,224,352,63.6,"2,231",7.0,223.1,58,17,14,34,224,83.7
Chicago Bears,10,241,361,66.8,"2,273",6.8,227.3,50,9,7,25,179,86.2
Indianapolis Colts,10,239,347,68.9,"2,288",7.0,228.8,55,14,7,25,151,93.8
Kansas City Chiefs,11,245,395,62.0,"2,559",7.1,232.6,69,17,10,32,250,87.2
New Orleans Saints,10,225,371,60.6,"2,330",6.8,233.0,66,14,8,27,183,84.4
Carolina Panthers,10,230,361,63.7,"2,336",7.1,233.6,48,11,12,39,218,81.0
Los Angeles Rams,10,233,376,62.0,"2,355",6.7,235.5,67,13,7,29,172,85.5
Washington Redskins,10,225,315,71.4,"2,356",7.9,235.6,53,19,9,23,136,102.8
Philadelphia Eagles,10,220,357,61.6,"2,375",7.1,237.5,69,17,8,25,165,89.6
Baltimore Ravens,10,213,357,59.7,"2,386",7.2,238.6,83,9,9,23,169,79.5
Minnesota Vikings,11,269,414,65.0,"2,689",7.1,244.5,48,19,10,31,235,90.9
Miami Dolphins,10,202,315,64.1,"2,460",8.1,246.0,83,23,6,13,85,105.6
New York Jets,10,240,376,63.8,"2,533",7.2,253.3,89,18,6,25,171,94.5
Tennessee Titans,10,236,373,63.3,"2,560",7.3,256.0,63,17,9,27,176,90.5
Green Bay Packers,10,218,347,62.8,"2,578",7.9,257.8,66,12,9,25,178,88.2
Cincinnati Bengals,10,198,292,67.8,"2,581",9.1,258.1,65,15,4,13,80,108.0
New York Giants,10,215,313,68.7,"2,590",8.8,259.0,62,17,8,24,165,103.5
Atlanta Falcons,10,238,346,68.8,"2,617",8.0,261.7,58,19,6,18,141,103.7
Oakland Raiders,10,220,345,63.8,"2,622",8.2,262.2,74,24,8,25,195,102.8
Seattle Seahawks,10,248,392,63.3,"2,718",7.3,271.8,55,12,8,20,135,86.8
Houston Texans,10,252,381,66.1,"2,724",7.6,272.4,65,22,5,22,167,102.6
Detroit Lions,10,234,382,61.3,"2,886",7.9,288.6,66,22,3,20,138,102.0
Tampa Bay Buccaneers,10,265,406,65.3,"2,909",7.6,290.9,75,25,6,22,164,102.4
Arizona Cardinals,11,297,418,71.1,"3,273",8.3,297.5,57,29,6,29,198,113.0
