Team,GP,CMP,ATT,CMP%,YDS,AVG,YDS/G,LNG,TD,INT,SACK,SYL,RTG
Atlanta Falcons,2,36,58,62.1,334,6.1,167.0,43,2,2,4,19,76.3
Carolina Panthers,2,39,64,60.9,372,6.2,186.0,41,2,1,4,22,82.4
Denver Broncos,2,38,53,71.7,379,7.2,189.5,43,1,0,0,0,97.9
Tennessee Titans,3,62,96,64.6,569,6.6,189.7,37,6,4,8,66,86.9
Cleveland Browns,2,37,55,67.3,385,8.2,192.5,75,3,0,8,64,110.3
Buffalo Bills,2,54,86,62.8,396,4.9,198.0,33,2,2,5,29,73.1
Los Angeles Rams,2,45,73,61.6,403,6.1,201.5,28,0,2,5,39,67.3
New England Patriots,2,45,86,52.3,418,5.4,209.0,45,0,5,8,44,43.8
Los Angeles Chargers,2,43,57,75.4,418,7.6,209.0,36,4,2,2,17,105.5
Indianapolis Colts,2,44,62,71.0,429,7.9,214.5,55,4,1,8,58,108.7
Green Bay Packers,2,40,77,51.9,431,5.9,215.5,61,1,3,6,27,58.3
Chicago Bears,2,53,80,66.3,448,6.2,224.0,47,2,1,7,47,86.2
Minnesota Vikings,2,55,80,68.8,463,6.4,231.5,39,4,2,6,50,92.3
San Francisco 49ers,2,46,78,59.0,465,6.5,232.5,66,3,4,7,40,69.7
Tampa Bay Buccaneers,2,43,78,55.1,471,6.4,235.5,44,1,1,4,28,73.6
Cincinnati Bengals,2,32,46,69.6,472,11.0,236.0,44,5,1,4,35,133.2
New Orleans Saints,2,39,58,67.2,499,9.5,249.5,66,4,1,9,52,113.5
Baltimore Ravens,2,40,72,55.6,508,7.5,254.0,54,1,2,6,31,72.6
Jacksonville Jaguars,3,64,103,62.1,764,8.2,254.7,68,3,0,13,77,97.6
Kansas City Chiefs,2,50,71,70.4,525,7.7,262.5,69,4,3,4,23,94.1
Dallas Cowboys,2,59,85,69.4,527,6.4,263.5,43,3,0,2,17,98.4
Houston Texans,2,55,76,72.4,540,7.7,270.0,41,3,1,5,43,102.0
New York Jets,2,43,72,59.7,547,8.0,273.5,89,2,3,4,32,77.3
Detroit Lions,2,50,90,55.6,562,6.7,281.0,47,2,2,6,39,74.4
Washington Redskins,2,54,69,78.3,574,8.4,287.0,53,6,1,2,8,124.8
Seattle Seahawks,2,55,85,64.7,575,7.1,287.5,55,4,1,6,30,96.5
Arizona Cardinals,2,51,82,62.2,619,8.0,309.5,47,5,0,5,38,107.6
Miami Dolphins,2,43,54,79.6,633,11.9,316.5,83,8,0,3,10,155.9
Pittsburgh Steelers,2,54,72,75.0,640,9.3,320.0,58,6,0,5,33,131.3
New York Giants,2,44,62,71.0,642,10.6,321.0,62,5,0,3,16,132.3
Philadelphia Eagles,2,57,87,65.5,680,8.0,340.0,69,6,3,2,20,98.8
Oakland Raiders,2,51,75,68.0,685,9.5,342.5,53,5,0,5,26,120.5
