Team,GP,YDS,YDS/G,YDS,YDS/G,YDS,YDS/G,PTS,PTS/G
New England Patriots,2,492,246.0,418,209.0,74,37.0,3,1.5
Baltimore Ravens,2,549,274.5,508,254.0,41,20.5,27,13.5
Atlanta Falcons,2,555,277.5,334,167.0,221,110.5,48,24.0
Chicago Bears,2,585,292.5,448,224.0,137,68.5,24,12.0
Los Angeles Rams,2,587,293.5,403,201.5,184,92.0,36,18.0
Buffalo Bills,2,593,296.5,396,198.0,197,98.5,30,15.0
Cleveland Browns,2,601,300.5,385,192.5,216,108.0,46,23.0
Tampa Bay Buccaneers,2,608,304.0,471,235.5,137,68.5,45,22.5
San Francisco 49ers,2,611,305.5,465,232.5,146,73.0,34,17.0
Tennessee Titans,3,926,308.7,569,189.7,357,119.0,52,17.3
Denver Broncos,2,630,315.0,379,189.5,251,125.5,40,20.0
Carolina Panthers,2,638,319.0,372,186.0,266,133.0,50,25.0
Green Bay Packers,2,675,337.5,431,215.5,244,122.0,19,9.5
Indianapolis Colts,2,678,339.0,429,214.5,249,124.5,47,23.5
Minnesota Vikings,2,680,340.0,463,231.5,217,108.5,33,16.5
Seattle Seahawks,2,690,345.0,575,287.5,115,57.5,46,23.0
Los Angeles Chargers,2,715,357.5,418,209.0,297,148.5,37,18.5
Dallas Cowboys,2,725,362.5,527,263.5,198,99.0,38,19.0
Jacksonville Jaguars,3,"1,094",364.7,764,254.7,330,110.0,60,20.0
Kansas City Chiefs,2,735,367.5,525,262.5,210,105.0,36,18.0
New York Jets,2,745,372.5,547,273.5,198,99.0,40,20.0
Philadelphia Eagles,2,765,382.5,680,340.0,85,42.5,51,25.5
Houston Texans,2,791,395.5,540,270.0,251,125.5,42,21.0
New Orleans Saints,2,794,397.0,499,249.5,295,147.5,55,27.5
Cincinnati Bengals,2,803,401.5,472,236.0,331,165.5,62,31.0
Detroit Lions,2,811,405.5,562,281.0,249,124.5,37,18.5
Oakland Raiders,2,811,405.5,685,342.5,126,63.0,44,22.0
New York Giants,2,882,441.0,642,321.0,240,120.0,63,31.5
Pittsburgh Steelers,2,890,445.0,640,320.0,250,125.0,61,30.5
Washington Redskins,2,910,455.0,574,287.0,336,168.0,63,31.5
Arizona Cardinals,2,917,458.5,619,309.5,298,149.0,50,25.0
Miami Dolphins,2,"1,022",511.0,633,316.5,389,194.5,102,51.0
