Team,GP,YDS,YDS/G,YDS,YDS/G,YDS,YDS/G,PTS,PTS/G
Baltimore Ravens,2,"1,083",541.5,636,318.0,447,223.5,82,41.0
Jacksonville Jaguars,3,"1,001",333.7,729,243.0,272,90.7,58,19.3
Dallas Cowboys,2,968,484.0,666,333.0,302,151.0,66,33.0
Kansas City Chiefs,2,958,479.0,814,407.0,144,72.0,68,34.0
Tennessee Titans,3,922,307.3,584,194.7,338,112.7,67,22.3
Los Angeles Chargers,2,859,429.5,597,298.5,262,131.0,40,20.0
New England Patriots,2,844,422.0,621,310.5,223,111.5,76,38.0
New York Giants,2,840,420.0,560,280.0,280,140.0,31,15.5
San Francisco 49ers,2,827,413.5,470,235.0,357,178.5,72,36.0
Detroit Lions,2,816,408.0,606,303.0,210,105.0,40,20.0
Buffalo Bills,2,758,379.0,479,239.5,279,139.5,45,22.5
New Orleans Saints,2,754,377.0,549,274.5,205,102.5,39,19.5
Cincinnati Bengals,2,745,372.5,686,343.0,59,29.5,37,18.5
Arizona Cardinals,2,736,368.0,604,302.0,132,66.0,44,22.0
Los Angeles Rams,2,729,364.5,448,224.0,281,140.5,57,28.5
Philadelphia Eagles,2,722,361.0,550,275.0,172,86.0,52,26.0
Cleveland Browns,2,721,360.5,549,274.5,172,86.0,36,18.0
Denver Broncos,2,716,358.0,531,265.5,185,92.5,30,15.0
Atlanta Falcons,2,712,356.0,582,291.0,130,65.0,36,18.0
Carolina Panthers,2,695,347.5,529,264.5,166,83.0,41,20.5
Minnesota Vikings,2,690,345.0,320,160.0,370,185.0,44,22.0
Houston Texans,2,677,338.5,371,185.5,306,153.0,41,20.5
Indianapolis Colts,2,664,332.0,294,147.0,370,185.0,43,21.5
Oakland Raiders,2,664,332.0,437,218.5,227,113.5,34,17.0
Seattle Seahawks,2,657,328.5,434,217.0,223,111.5,49,24.5
Washington Redskins,2,653,326.5,578,289.0,75,37.5,48,24.0
Tampa Bay Buccaneers,2,584,292.0,363,181.5,221,110.5,37,18.5
Pittsburgh Steelers,2,569,284.5,456,228.0,113,56.5,29,14.5
Green Bay Packers,2,548,274.0,357,178.5,191,95.5,31,15.5
Chicago Bears,2,527,263.5,328,164.0,199,99.5,19,9.5
New York Jets,2,485,242.5,324,162.0,161,80.5,19,9.5
Miami Dolphins,2,384,192.0,321,160.5,63,31.5,10,5.0
