Team,GP,CMP,ATT,CMP%,YDS,AVG,YDS/G,LNG,TD,INT,SACK,SYL,RTG
Kansas City Chiefs,7,167,261,64.0,"2,227",8.8,318.1,83,16,1,9,70,110.9
Atlanta Falcons,7,208,291,71.5,"2,093",7.7,299.0,54,16,8,19,142,100.5
Los Angeles Chargers,7,184,277,66.4,"2,054",7.7,293.4,55,11,6,13,67,93.6
Dallas Cowboys,7,168,238,70.6,"2,043",8.9,291.9,62,12,7,10,80,102.6
New England Patriots,7,183,278,65.8,"1,958",7.3,279.7,58,11,5,11,80,93.2
Detroit Lions,6,136,218,62.4,"1,663",8.0,277.2,66,13,3,12,88,101.7
Los Angeles Rams,7,176,284,62.0,"1,926",7.1,275.1,66,9,7,12,92,83.6
Green Bay Packers,7,162,250,64.8,"1,919",8.1,274.1,74,13,2,12,100,103.7
Tampa Bay Buccaneers,6,132,220,60.0,"1,617",8.1,269.5,67,12,10,25,154,84.9
Seattle Seahawks,7,157,230,68.3,"1,852",8.5,264.6,54,15,1,17,93,114.1
Houston Texans,7,163,236,69.1,"1,833",8.3,261.9,54,13,6,21,119,101.9
Cincinnati Bengals,7,172,286,60.1,"1,765",6.7,252.1,66,8,8,24,158,77.9
New Orleans Saints,7,169,245,69.0,"1,715",7.4,245.0,45,11,4,12,94,98.5
Jacksonville Jaguars,7,144,234,61.5,"1,668",7.6,238.3,69,11,2,16,104,97.0
Oakland Raiders,6,142,192,74.0,"1,398",7.5,233.0,48,9,4,8,48,102.0
Cleveland Browns,6,113,201,56.2,"1,388",7.5,231.3,89,5,11,16,128,65.8
Minnesota Vikings,7,132,189,69.8,"1,617",9.1,231.0,66,13,3,12,94,114.3
Baltimore Ravens,7,142,221,64.3,"1,615",7.7,230.7,83,12,5,17,90,96.4
Arizona Cardinals,7,167,259,64.5,"1,614",6.8,230.6,58,7,4,23,154,86.8
Philadelphia Eagles,7,150,246,61.0,"1,597",6.8,228.1,53,13,5,13,76,90.4
Buffalo Bills,6,127,205,62.0,"1,352",7.1,225.3,51,7,8,16,99,78.3
Carolina Panthers,6,130,212,61.3,"1,341",6.9,223.5,52,7,1,16,132,91.2
New York Giants,7,163,264,61.7,"1,561",6.4,223.0,75,8,9,20,139,76.3
Indianapolis Colts,6,134,207,64.7,"1,331",6.7,221.8,48,14,3,7,57,100.5
San Francisco 49ers,6,115,168,68.5,"1,287",7.9,214.5,45,7,6,8,43,91.1
Denver Broncos,7,151,230,65.7,"1,455",7.2,207.9,70,6,5,24,193,86.3
Tennessee Titans,7,131,205,63.9,"1,432",8.0,204.6,75,9,4,31,214,95.3
Pittsburgh Steelers,6,124,190,65.3,"1,200",6.5,200.0,76,8,5,5,32,86.6
Chicago Bears,6,147,220,66.8,"1,162",5.8,193.7,37,8,4,15,103,86.3
Miami Dolphins,6,120,214,56.1,"1,152",6.0,192.0,49,4,10,24,132,60.6
Washington Redskins,7,141,216,65.3,"1,280",6.7,182.9,69,9,8,18,162,82.8
New York Jets,6,112,184,60.9,853,5.5,142.2,92,3,8,26,165,63.2
