Team,GP,CMP,ATT,CMP%,YDS,AVG,YDS/G,LNG,TD,INT,SACK,SYL,RTG
San Francisco 49ers,5,82,153,53.6,751,5.7,150.2,76,5,7,17,126,62.5
New England Patriots,6,112,210,53.3,966,5.3,161.0,64,1,14,25,157,42.6
Buffalo Bills,5,105,183,57.4,936,5.5,187.2,57,3,5,12,72,66.9
Denver Broncos,6,126,197,64.0,"1,176",6.3,196.0,43,4,5,12,69,77.9
Los Angeles Chargers,6,114,155,73.5,"1,207",8.3,201.2,70,10,5,12,73,105.8
Tennessee Titans,6,138,209,66.0,"1,304",6.8,217.3,46,8,6,18,124,86.4
Minnesota Vikings,6,153,226,67.7,"1,313",6.4,218.8,45,10,6,17,134,88.9
Cleveland Browns,6,128,189,67.7,"1,316",7.6,219.3,75,12,4,19,124,102.6
Carolina Panthers,6,146,239,61.1,"1,350",6.3,225.0,41,7,9,27,151,73.2
Chicago Bears,5,135,191,70.7,"1,146",6.7,229.2,47,4,4,17,143,87.4
New Orleans Saints,6,122,197,61.9,"1,426",7.9,237.7,66,8,3,18,121,93.6
Dallas Cowboys,6,147,222,66.2,"1,428",6.9,238.0,92,5,2,14,114,90.0
Green Bay Packers,6,121,209,57.9,"1,436",7.5,239.3,66,6,7,18,123,77.0
Los Angeles Rams,6,132,206,64.1,"1,448",7.4,241.3,67,9,5,13,85,90.9
Cincinnati Bengals,6,123,178,69.1,"1,449",8.4,241.5,49,8,2,7,50,105.1
Jacksonville Jaguars,6,127,208,61.1,"1,449",7.5,241.5,68,8,1,19,116,95.1
Indianapolis Colts,5,116,166,69.9,"1,210",7.8,242.0,55,10,2,13,91,108.0
Pittsburgh Steelers,6,143,213,67.1,"1,465",7.5,244.2,58,10,8,20,137,89.4
Kansas City Chiefs,6,141,219,64.4,"1,466",7.0,244.3,69,8,6,11,71,85.7
Washington Redskins,6,157,217,72.4,"1,506",7.4,251.0,53,14,7,14,97,101.2
New York Jets,5,118,186,63.4,"1,310",7.3,262.0,89,5,4,7,55,85.5
Oakland Raiders,5,112,172,65.1,"1,318",8.0,263.6,53,11,3,9,63,103.9
Seattle Seahawks,6,147,230,63.9,"1,602",7.2,267.0,55,8,6,10,65,86.3
Houston Texans,6,161,237,67.9,"1,608",7.3,268.0,52,11,3,16,128,99.4
Baltimore Ravens,6,129,210,61.4,"1,617",8.1,269.5,83,6,5,11,76,86.5
Miami Dolphins,5,100,142,70.4,"1,351",9.7,270.2,83,14,1,5,21,131.0
Atlanta Falcons,6,137,192,71.4,"1,627",8.6,271.2,58,15,2,5,29,119.2
Detroit Lions,5,117,207,56.5,"1,400",7.0,280.0,47,6,3,10,58,82.2
Philadelphia Eagles,6,146,227,64.3,"1,681",7.8,280.2,69,13,7,14,95,94.5
Arizona Cardinals,6,149,210,71.0,"1,687",8.5,281.2,52,16,0,14,89,121.8
New York Giants,6,135,195,69.2,"1,710",9.3,285.0,62,10,6,16,112,103.0
Tampa Bay Buccaneers,6,159,250,63.6,"1,827",7.7,304.5,75,11,5,13,97,93.5
