Team,GP,CMP,ATT,CMP%,YDS,AVG,YDS/G,LNG,TD,INT,SACK,SYL,RTG
Kansas City Chiefs,5,128,196,65.3,"1,780",9.3,356.0,83,11,0,7,51,114.1
Los Angeles Rams,5,140,222,63.1,"1,587",7.4,317.4,66,7,7,8,62,83.0
Atlanta Falcons,5,156,222,70.3,"1,566",7.5,313.2,54,11,7,12,89,95.1
Dallas Cowboys,5,119,171,69.6,"1,560",9.4,312.0,62,11,6,6,46,106.0
Los Angeles Chargers,5,134,195,68.7,"1,412",7.5,282.4,55,7,4,11,60,94.2
New England Patriots,5,121,192,63.0,"1,396",7.6,279.2,58,10,3,8,59,97.0
Detroit Lions,4,88,141,62.4,"1,068",8.0,267.0,47,9,2,7,54,102.6
Seattle Seahawks,5,114,156,73.1,"1,327",9.0,265.4,54,12,0,13,82,126.3
Cincinnati Bengals,5,129,204,63.2,"1,290",6.9,258.0,66,7,4,20,122,86.9
Jacksonville Jaguars,5,115,173,66.5,"1,273",7.8,254.6,69,10,1,12,81,106.9
Houston Texans,5,110,160,68.8,"1,262",8.5,252.4,54,11,2,18,102,112.6
Tampa Bay Buccaneers,5,102,166,61.4,"1,252",8.3,250.4,67,11,5,18,119,97.2
Baltimore Ravens,5,112,168,66.7,"1,246",7.9,249.2,83,12,5,15,80,101.9
New York Giants,5,126,198,63.6,"1,244",6.6,248.8,75,6,5,11,72,82.4
Green Bay Packers,5,113,180,62.8,"1,221",7.3,244.2,58,6,1,10,86,93.4
New Orleans Saints,5,122,171,71.3,"1,220",7.5,244.0,42,8,4,8,68,98.8
Arizona Cardinals,5,126,201,62.7,"1,185",6.6,237.0,54,4,4,21,139,80.1
Buffalo Bills,5,111,179,62.0,"1,164",7.0,232.8,51,5,8,14,85,73.5
Denver Broncos,5,112,168,66.7,"1,154",7.5,230.8,70,6,4,14,104,90.8
Cleveland Browns,5,91,164,55.5,"1,139",7.7,227.8,89,4,8,16,128,68.3
Philadelphia Eagles,5,108,179,60.3,"1,137",6.6,227.4,53,10,2,8,39,93.7
San Francisco 49ers,4,79,114,69.3,909,8.2,227.3,39,7,4,4,27,99.9
Carolina Panthers,5,110,180,61.1,"1,132",6.9,226.4,52,5,1,14,114,88.8
Oakland Raiders,5,118,161,73.3,"1,069",6.9,213.8,43,6,3,8,48,96.7
Pittsburgh Steelers,5,109,170,64.1,"1,068",6.5,213.6,76,7,4,5,32,86.4
Washington Redskins,5,119,179,66.5,"1,061",6.7,212.2,69,7,8,15,135,79.7
Indianapolis Colts,5,108,167,64.7,"1,010",6.4,202.0,48,10,3,6,52,94.9
Tennessee Titans,5,87,141,61.7,961,7.9,192.2,75,7,0,22,155,103.0
Minnesota Vikings,5,86,126,68.3,955,8.3,191.0,61,5,2,11,86,100.0
Chicago Bears,5,113,166,68.1,927,6.1,185.4,37,6,4,13,87,86.3
Miami Dolphins,4,70,136,51.5,693,5.8,173.3,49,2,7,18,92,52.5
New York Jets,4,78,120,65.0,454,5.0,113.5,36,1,3,23,140,69.2
